function [RugiRugi]=LF(SW)
% ===========load flow ==============================%
basemva = 1100;  accuracy = 0.001; maxiter = 100; accel = 1.8;
%        Bus Bus  Voltage Angle   ---Load---  -----Generator-----   Shunt
%        No  code Mag.    Degree  MW    Mvar   MW   Mvar Qmin Qmax   Mvar
busdata=[70  1    1.0     0.0     0.0   0.0    0.0  0.0    0   0       0  
         1   1    1.0     0.0     0.0   0.0    0.0  0.0     0   0       0
         2   0    1.0     0.0    100.0  90.0    0.0  0.0    0   0       0
         3   0    1.0     0.0    60.0  40.0    0.0  0.0     0   0       0
         4   0    1.0     0.0    150.0 130.0    0.0  0.0    0   0       0
         5   0    1.0     0.0    75.0  50.0    0.0  0.0     0   0       0
         6   0    1.0     0.0    15.0   9.0    0.0  0.0     0   0       0
         7   0    1.0     0.0    18.0  14.0    0.0  0.0     0   0       0
         8   0    1.0     0.0    13.0  10.0    0.0  0.0     0   0       0
         9   0    1.0     0.0    16.0  11.0    0.0  0.0     0   0       0
        10   0    1.0     0.0    20.0  10.0    0.0  0.0     0   0       0
        11   0    1.0     0.0    16.0   9.0    0.0  0.0     0   0       0
        12   0    1.0     0.0    50.0  40.0    0.0  0.0     0   0       0
        13   0    1.0     0.0   105.0  90.0    0.0  0.0     0   0       0
        14   0    1.0     0.0    25.0  15.0    0.0  0.0     0   0       0
        15   0    1.0     0.0    40.0  25.0    0.0  0.0     0   0       0
        16   0    1.0     0.0   100.0  60.0    0.0  0.0     0   0       0
        17   0    1.0     0.0    40.0  30.0    0.0  0.0     0   0       0
        18   0    1.0     0.0    60.0  30.0    0.0  0.0     0   0       0
        19   0    1.0     0.0    40.0  25.0    0.0  0.0     0   0       0
        20   0    1.0     0.0    15.0   9.0    0.0  0.0     0   0       0
        21   0    1.0     0.0    13.0   7.0    0.0  0.0     0   0       0
        22   0    1.0     0.0    30.0  20.0    0.0  0.0     0   0       0
        23   0    1.0     0.0    90.0  50.0    0.0  0.0     0   0       0
        24   0    1.0     0.0    50.0  30.0    0.0  0.0     0   0       0
        25   0    1.0     0.0    60.0  40.0    0.0  0.0     0   0       0
        26   0    1.0     0.0   100.0  80.0    0.0  0.0     0   0       0
        27   0    1.0     0.0    80.0  65.0    0.0  0.0     0   0       0
        28   0    1.0     0.0   100.0  60.0    0.0  0.0     0   0       0
        29   0    1.0     0.0   100.0  55.0    0.0  0.0     0   0       0
        30   0    1.0     0.0   120.0  70.0    0.0  0.0     0   0       0
        31   0    1.0     0.0   105.0  70.0    0.0  0.0     0   0       0
        32   0    1.0     0.0    80.0  50.0    0.0  0.0     0   0       0
        33   0    1.0     0.0    60.0  40.0    0.0  0.0     0   0       0
        34   0    1.0     0.0    13.0   8.0    0.0  0.0     0   0       0
        35   0    1.0     0.0    16.0   9.0    0.0  0.0     0   0       0
        36   0    1.0     0.0    50.0  30.0    0.0  0.0     0   0       0
        37   0    1.0     0.0    40.0  28.0    0.0  0.0     0   0       0
        38   0    1.0     0.0    60.0  40.0    0.0  0.0     0   0       0
        39   0    1.0     0.0    40.0  30.0    0.0  0.0     0   0       0
        40   0    1.0     0.0    30.0  25.0    0.0  0.0     0   0       0
        41   0    1.0     0.0   150.0 100.0    0.0  0.0     0   0       0
        42   0    1.0     0.0    60.0  35.0    0.0  0.0     0   0       0
        43   0    1.0     0.0   120.0  70.0    0.0  0.0     0   0       0
        44   0    1.0     0.0    90.0  60.0    0.0  0.0     0   0       0
        45   0    1.0     0.0    18.0  10.0    0.0  0.0     0   0       0
        46   0    1.0     0.0    16.0  10.0    0.0  0.0     0   0       0
        47   0    1.0     0.0   100.0  50.0    0.0  0.0     0   0       0
        48   0    1.0     0.0    60.0  40.0    0.0  0.0     0   0       0
        49   0    1.0     0.0    90.0  70.0    0.0  0.0     0   0       0
        50   0    1.0     0.0    85.0  55.0    0.0  0.0     0   0       0
        51   0    1.0     0.0   100.0  70.0    0.0  0.0     0   0       0
        52   0    1.0     0.0   140.0  90.0    0.0  0.0     0   0       0
        53   0    1.0     0.0    60.0  40.0    0.0  0.0     0   0       0
        54   0    1.0     0.0    20.0  11.0    0.0  0.0     0   0       0
        55   0    1.0     0.0    40.0  30.0    0.0  0.0     0   0       0
        56   0    1.0     0.0    36.0  24.0    0.0  0.0     0   0       0
        57   0    1.0     0.0    30.0  20.0    0.0  0.0     0   0       0
        58   0    1.0     0.0    43.0  30.0    0.0  0.0     0   0       0
        59   0    1.0     0.0    80.0  50.0    0.0  0.0     0   0       0
        60   0    1.0     0.0   240.0 120.0    0.0  0.0     0   0       0
        61   0    1.0     0.0   125.0 110.0    0.0  0.0     0   0       0
        62   0    1.0     0.0    25.0  10.0    0.0  0.0     0   0       0
        63   0    1.0     0.0    10.0   5.0    0.0  0.0     0   0       0
        64   0    1.0     0.0   150.0 130.0    0.0  0.0     0   0       0
        65   0    1.0     0.0    50.0  30.0    0.0  0.0     0   0       0
        66   0    1.0     0.0    30.0  20.0    0.0  0.0     0   0       0
        67   0    1.0     0.0   130.0 120.0    0.0  0.0     0   0       0
        68   0    1.0     0.0   150.0 130.0    0.0  0.0     0   0       0
        69   0    1.0     0.0    25.0  15.0    0.0  0.0     0   0       0
        ];
        

      %                          Line code
%         Bus bus    R         X     1/2 B   = 1 for lines
%         nl  nr    p.u.      p.u.    p.u.     > 1 or < 1 tr. tap at bus nl 
